1772543447299 0.28387439250946045 0
1772543447343 0.26847514510154724 1
1772543447364 0.254058837890625 2
1772543447384 0.2404477745294571 3
1772543447440 0.22752530872821808 4
1772543447470 0.21524010598659515 5
1772543447490 0.20363298058509827 6
1772543447512 0.19285696744918823 7
1772543447534 0.1831926852464676 8
1772543447555 0.1750461459159851 9
1772543447580 0.16885140538215637 10
1772543447606 0.16472415626049042 11
1772543447627 0.16192898154258728 12
1772543447647 0.1588701754808426 13
1772543447681 0.15395666658878326 14
1772543447698 0.146522656083107 15
1772543447865 0.13696706295013428 16
1772543447890 0.12626861035823822 17
1772543447920 0.11542010307312012 18
1772543448026 0.10506913810968399 19
1772543448086 0.0954100489616394 20
1772543448142 0.0862693190574646 21
1772543448212 0.0773024931550026 22
1772543448234 0.06823192536830902 23
1772543448269 0.05909573286771774 24
1772543448307 0.050483446568250656 25
1772543448331 0.04357609525322914 26
1772543448369 0.03937191143631935 27
1772543448414 0.03685644641518593 28
1772543448452 0.034040667116642 29
1772543448485 0.0319574698805809 30
1772543448519 0.03260036185383797 31
1772543448572 0.03467940911650658 32
1772543448626 0.03566400334239006 33
1772543448658 0.03571026399731636 34
1772543448689 0.03612877056002617 35
1772543448735 0.03627513721585274 36
1772543448792 0.03473905101418495 37
1772543448834 0.03218720480799675 38
1772543448873 0.029842082411050797 39
1772543448899 0.027838565409183502 40
1772543448923 0.025851203128695488 41
1772543448998 0.02389654889702797 42
1772543449027 0.02229190804064274 43
1772543449061 0.021273886784911156 44
1772543449108 0.020785514265298843 45
1772543449150 0.020571213215589523 46
1772543449185 0.02041240781545639 47
1772543449224 0.020240915939211845 48
1772543449245 0.020072514191269875 49
1772543447299 0.28387439250946045 0
